lat 5x10


s100-eth2-s110-eth2,2.726079073,0.034426478,0.059457422,166
s101-eth1-s100-eth1,2.683539793,0.029724058,0.057249551,229
s101-eth3-s111-eth3,2.709824826,0.024242943,0.0485436,160
s102-eth1-s101-eth2,2.733282975,0.024102469,0.049733281,172
s102-eth3-s112-eth3,2.723508319,0.023805519,0.043856192,138
s103-eth1-s102-eth2,2.698501539,0.02397867,0.042249058,85
s103-eth3-s113-eth3,2.726582918,0.023824155,0.05224672,196
s104-eth1-s103-eth2,2.692905431,0.023729926,0.038704029,81
s104-eth2-s114-eth2,2.643037213,0.026254424,0.050767581,195
s110-eth3-s120-eth2,2.694509,0.024597513,0.04925413,152
s111-eth1-s110-eth1,2.744073687,0.026803209,0.04608386,115
s111-eth4-s121-eth3,2.7340218,0.024532903,0.056323662,277
s112-eth1-s111-eth2,2.732720048,0.025001423,0.040423121,42
s112-eth4-s122-eth3,2.686020377,0.024692383,0.059929362,364
s113-eth1-s112-eth2,2.717737149,0.024300542,0.036354885,33
s113-eth4-s123-eth3,2.686914988,0.024658349,0.059562558,263
s114-eth1-s113-eth2,2.646993905,0.024165745,0.037120227,37
s114-eth3-s124-eth2,2.690156668,0.024288577,0.048242086,158
s120-eth3-s130-eth2,2.668693367,0.024460303,0.043855227,127
s121-eth1-s120-eth1,2.716085913,0.025970484,0.038091972,35
s121-eth4-s131-eth3,2.739966872,0.024313706,0.059877517,302
s122-eth1-s121-eth2,2.703531718,0.024175735,0.04289351,106
s122-eth4-s132-eth3,2.730218401,0.02479212,0.058228402,291
s123-eth1-s122-eth2,2.703798508,0.024063543,0.036273284,34
s123-eth4-s133-eth3,2.743022215,0.024273442,0.056134802,303
s124-eth1-s123-eth2,2.72960089,-1,-1,0
s124-eth3-s134-eth2,2.719735894,0.024189668,0.050659171,183
s130-eth3-s140-eth2,2.706333988,0.024175728,0.042136513,124
s131-eth1-s130-eth1,2.680238504,0.024751497,0.037941361,35
s131-eth4-s141-eth3,2.721909687,0.024599802,0.062812418,308
s132-eth1-s131-eth2,2.719279515,0.024064414,0.042036518,101
s132-eth4-s142-eth3,2.72360006,0.024096131,0.059722728,281
s133-eth1-s132-eth2,2.673679632,0.024264604,0.03688264,39
s133-eth4-s143-eth3,2.720218393,0.031047101,0.060349771,203
s134-eth1-s133-eth2,2.674078219,0.023908897,0.038367384,71
s134-eth3-s144-eth2,2.719897638,0.024195856,0.051776792,182
s140-eth3-s150-eth2,2.718005158,0.024688381,0.050868944,163
s141-eth1-s140-eth1,2.727220279,0.024369962,0.036527918,40
s141-eth4-s151-eth3,2.671771827,0.024440872,0.056431507,229
s142-eth1-s141-eth2,2.731634462,0.024077692,0.038801564,68
s142-eth4-s152-eth3,2.677158521,0.023920909,0.053983789,231
s143-eth1-s142-eth2,2.732510584,0.023966908,0.044880181,129
s143-eth4-s153-eth3,2.688992588,0.024029948,0.053427744,211
s144-eth1-s143-eth2,2.73243884,0.024099691,0.036340138,49
s144-eth3-s154-eth2,2.68873785,0.025179847,0.044937307,169
s150-eth3-s160-eth2,2.732726723,0.024550299,0.04817495,131
s151-eth1-s150-eth1,2.69453519,0.024027011,0.036381554,37
s151-eth4-s161-eth3,2.635687197,0.024194918,0.05797594,250
s152-eth1-s151-eth2,2.69888903,0.024068285,0.038913825,75
s152-eth4-s162-eth3,2.643753196,0.030091991,0.065320322,302
s153-eth1-s152-eth2,2.7039356,0.024557842,0.035871888,29
s153-eth4-s163-eth3,2.646300366,0.024144917,0.052349602,198
s154-eth1-s153-eth2,2.707906347,0.026347488,0.038325642,31
s154-eth3-s164-eth2,2.733213176,0.024041496,0.054956339,193
s160-eth3-s170-eth2,2.70531554,0.023918763,0.041739622,84
s161-eth1-s160-eth1,2.738516732,0.023802133,0.038965578,68
s161-eth4-s171-eth3,2.716816743,0.024438239,0.060446485,327
s162-eth1-s161-eth2,2.712644649,0.023900812,0.038104601,80
s162-eth4-s172-eth3,2.707716659,0.02461989,0.056233883,250
s163-eth1-s162-eth2,2.704540352,0.024365246,0.035724904,35
s163-eth4-s173-eth3,2.679195074,0.024115461,0.057591845,283
s164-eth1-s163-eth2,2.731184301,0.025895648,0.038857615,37
s164-eth3-s174-eth2,2.7270131,0.023991252,0.049340298,143
s170-eth3-s180-eth2,2.717242801,0.023806222,0.041873362,113
s171-eth1-s170-eth1,2.73839622,-1,-1,0
s171-eth4-s181-eth3,2.698949208,0.023925419,0.055675281,247
s172-eth1-s171-eth2,2.72118272,0.024153028,0.04967159,114
s172-eth4-s182-eth3,2.716832136,0.024281037,0.061014479,318
s173-eth1-s172-eth2,2.719169515,0.027224234,0.040610982,34
s173-eth4-s183-eth3,2.715469419,0.023854913,0.051985787,238
s174-eth1-s173-eth2,2.728703735,0.024046165,0.037846876,29
s174-eth3-s184-eth2,2.703814842,0.023839179,0.048566662,164
s180-eth3-s190-eth2,2.67230872,0.023969707,0.049987486,196
s181-eth1-s180-eth1,2.718366136,-1,-1,0
s181-eth4-s191-eth3,2.704898298,0.024035755,0.05227323,240
s182-eth1-s181-eth2,2.710428544,0.024215182,0.03729654,99
s182-eth4-s192-eth3,2.670054649,0.024154431,0.058278851,296
s183-eth1-s182-eth2,2.734337029,0.023861937,0.042527658,93
s183-eth4-s193-eth3,2.681767855,0.023886573,0.061410661,291
s184-eth1-s183-eth2,2.659902805,0.045754004,0.052418967,61
s184-eth3-s194-eth2,2.674820677,0.023817225,0.045826689,140
s191-eth1-s190-eth1,2.726021817,0.023708449,0.038415414,68
s192-eth1-s191-eth2,2.714848836,0.023826765,0.046242251,137
s193-eth1-s192-eth2,2.726914329,0.023313147,0.045904712,145
s194-eth1-s193-eth2,2.686304946,0.023406948,0.049837686,141
s100-eth2-s110-eth2,2.652890867,0.023993481,0.044843352,129
s101-eth1-s100-eth1,2.634643616,0.02390215,0.052117555,193
s101-eth3-s111-eth3,2.690624426,0.023322203,0.049551165,152
s102-eth1-s101-eth2,2.697550603,0.023830555,0.042231265,151
s102-eth3-s112-eth3,2.696321037,0.023776869,0.047989749,142
s103-eth1-s102-eth2,2.696668207,0.029134355,0.04457546,83
s103-eth3-s113-eth3,2.63854273,0.023845357,0.051875015,183
s104-eth1-s103-eth2,2.694236353,0.023711058,0.03801503,55
s104-eth2-s114-eth2,2.694289448,0.023302858,0.051300061,176
s110-eth3-s120-eth2,2.70602137,0.024295125,0.04868943,127
s111-eth1-s110-eth1,2.650888477,0.024150419,0.04827241,107
s111-eth4-s121-eth3,2.604820377,0.023955813,0.054154743,288
s112-eth1-s111-eth2,2.659127881,0.024980136,0.04030529,75
s112-eth4-s122-eth3,2.659386173,0.024082991,0.060922276,307
s113-eth1-s112-eth2,2.674817727,0.023786075,0.035994535,32
s113-eth4-s123-eth3,2.630362027,0.024315664,0.062457882,278
s114-eth1-s113-eth2,2.685897761,0.023832942,0.036564843,42
s114-eth3-s124-eth2,2.6240075,0.023818092,0.051978182,162
s120-eth3-s130-eth2,2.673662321,0.025521131,0.046121102,129
s121-eth1-s120-eth1,2.719097266,0.025686893,0.037538682,36
s121-eth4-s131-eth3,2.676610129,0.024019855,0.060880089,306
s122-eth1-s121-eth2,2.684923146,0.02391361,0.041860112,96
s122-eth4-s132-eth3,2.668923187,0.02399312,0.062148049,281
s123-eth1-s122-eth2,2.690985846,0.02372915,0.035371947,33
s123-eth4-s133-eth3,2.68058057,0.024058723,0.059914421,252
s124-eth1-s123-eth2,2.630243842,-1,-1,0
s124-eth3-s134-eth2,2.670925303,0.024241314,0.048023271,163
s130-eth3-s140-eth2,2.629354011,0.023648296,0.041609444,110
s131-eth1-s130-eth1,2.678471313,0.024380592,0.03733761,35
s131-eth4-s141-eth3,2.705432959,0.023809785,0.057226735,234
s132-eth1-s131-eth2,2.694824583,0.023934274,0.050398088,92
s132-eth4-s142-eth3,2.62298283,0.024146424,0.063167785,258
s133-eth1-s132-eth2,2.678699164,0.023780655,0.035645104,40
s133-eth4-s143-eth3,2.710806653,0.02430277,0.049643038,229
s134-eth1-s133-eth2,2.682841337,0.023829914,0.037030519,67
s134-eth3-s144-eth2,2.68878576,0.023925249,0.04636603,172
s140-eth3-s150-eth2,2.684443343,0.024030381,0.049600921,165
s141-eth1-s140-eth1,2.672646231,0.023749771,0.035431498,28
s141-eth4-s151-eth3,2.712672769,0.023816895,0.055076477,228
s142-eth1-s141-eth2,2.663517297,0.023922988,0.044757462,69
s142-eth4-s152-eth3,2.705001946,0.023778376,0.055230692,239
s143-eth1-s142-eth2,2.648210234,0.024338484,0.045030159,123
s143-eth4-s153-eth3,2.691703084,0.024250919,0.063086592,209
s144-eth1-s143-eth2,2.634979415,0.024457126,0.038563416,67
s144-eth3-s154-eth2,2.67936397,0.023663578,0.051343794,181
s150-eth3-s160-eth2,2.634982439,0.024387197,0.045956351,167
s151-eth1-s150-eth1,2.701599272,0.023840391,0.036038511,39
s151-eth4-s161-eth3,2.686679586,0.024055681,0.057878543,252
s152-eth1-s151-eth2,2.606322269,0.023967984,0.039722292,69
s152-eth4-s162-eth3,2.652971061,0.02400162,0.061746289,282
s153-eth1-s152-eth2,2.61402993,0.024143074,0.034928293,31
s153-eth4-s163-eth3,2.658165254,0.024146988,0.053168967,237
s154-eth1-s153-eth2,2.702960357,0.026056634,0.037655969,35
s154-eth3-s164-eth2,2.659030284,0.02932426,0.058020303,170
s160-eth3-s170-eth2,2.70920994,0.023802747,0.039790974,85
s161-eth1-s160-eth1,2.654546238,0.02463625,0.04362562,57
s161-eth4-s171-eth3,2.700048771,0.024496237,0.061056956,322
s162-eth1-s161-eth2,2.659068862,0.023683273,0.040994443,98
s162-eth4-s172-eth3,2.705687975,0.023905996,0.057738718,288
s163-eth1-s162-eth2,2.665855654,0.023994475,0.036462053,37
s163-eth4-s173-eth3,2.712107502,0.024345375,0.055562333,286
s164-eth1-s163-eth2,2.672841095,0.025794941,0.037945235,34
s164-eth3-s174-eth2,2.702752872,0.023733373,0.047001294,165
s170-eth3-s180-eth2,2.670842545,0.02386829,0.045156899,106
s171-eth1-s170-eth1,2.613960574,-1,-1,0
s171-eth4-s181-eth3,2.663568044,0.025429327,0.043674296,229
s172-eth1-s171-eth2,2.679872097,0.024115033,0.04041152,121
s172-eth4-s182-eth3,2.687746525,0.024562769,0.064049593,362
s173-eth1-s172-eth2,2.687560763,0.025913743,0.038182366,39
s173-eth4-s183-eth3,2.680636756,0.02729227,0.058017949,262
s174-eth1-s173-eth2,2.699595423,0.02363258,0.03607594,29
s174-eth3-s184-eth2,2.680326196,0.029107221,0.052963371,165
s180-eth3-s190-eth2,2.688501249,0.023468249,0.05276127,228
s181-eth1-s180-eth1,2.682448768,-1,-1,0
s181-eth4-s191-eth3,2.670777799,0.024598999,0.063347598,306
s182-eth1-s181-eth2,2.686098045,0.025132584,0.04599895,98
s182-eth4-s192-eth3,2.674446345,0.023463055,0.058970469,275
s183-eth1-s182-eth2,2.691974478,0.024253039,0.037703652,91
s183-eth4-s193-eth3,2.684128969,0.028367682,0.061530656,272
s184-eth1-s183-eth2,2.655874414,0.023969447,0.039017179,61
s184-eth3-s194-eth2,2.667016123,0.02371124,0.04725359,149
s191-eth1-s190-eth1,2.694343115,0.023553558,0.039520487,72
s192-eth1-s191-eth2,2.696203852,0.02352278,0.038568412,104
s193-eth1-s192-eth2,2.684463662,0.023605882,0.04221522,137
s194-eth1-s193-eth2,2.650908594,0.023531774,0.04875275,158
s100-eth2-s110-eth2,2.704032293,0.026056519,0.04580117,129
s101-eth1-s100-eth1,2.683193872,0.023816665,0.051312867,179
s101-eth3-s111-eth3,2.697960536,0.023426614,0.049360429,156
s102-eth1-s101-eth2,2.647309609,0.023495416,0.050692424,157
s102-eth3-s112-eth3,2.69003432,0.02335906,0.054342933,137
s103-eth1-s102-eth2,2.661361435,0.023711396,0.041290427,81
s103-eth3-s113-eth3,2.62821243,0.023403623,0.051936243,171
s104-eth1-s103-eth2,2.678815785,0.024770757,0.039273466,54
s104-eth2-s114-eth2,2.699831605,0.023769359,0.051537626,184
s110-eth3-s120-eth2,2.699570269,0.023764281,0.044677906,142
s111-eth1-s110-eth1,2.695289774,0.024361845,0.042142919,109
s111-eth4-s121-eth3,2.651680946,0.024335971,0.056172524,260
s112-eth1-s111-eth2,2.709635471,0.023712352,0.039213183,64
s112-eth4-s122-eth3,2.669642233,0.024084913,0.056608503,287
s113-eth1-s112-eth2,2.658338537,0.023572834,0.035958911,31
s113-eth4-s123-eth3,2.692803238,0.024158753,0.060965032,244
s114-eth1-s113-eth2,2.699286733,0.023966736,0.035918845,35
s114-eth3-s124-eth2,2.710784355,0.023975166,0.051248827,162
s120-eth3-s130-eth2,2.696215606,0.023598528,0.046024169,134
s121-eth1-s120-eth1,2.729053272,0.025707565,0.039540967,35
s121-eth4-s131-eth3,2.698150445,0.023841851,0.063556075,275
s122-eth1-s121-eth2,2.706133417,0.023606955,0.041878209,97
s122-eth4-s132-eth3,2.702257868,0.023680929,0.06017938,314
s123-eth1-s122-eth2,2.657996654,0.023504092,0.03532063,33
s123-eth4-s133-eth3,2.709683963,0.024135773,0.054437554,244
s124-eth1-s123-eth2,2.672553567,-1,-1,0
s124-eth3-s134-eth2,2.714901585,0.023672525,0.051157327,168
s130-eth3-s140-eth2,2.729961901,0.023785003,0.046633978,126
s131-eth1-s130-eth1,2.712559429,0.024497441,0.037396457,33
s131-eth4-s141-eth3,2.678145051,0.02391922,0.055116255,271
s132-eth1-s131-eth2,2.734761295,0.023794241,0.04248143,97
s132-eth4-s142-eth3,2.683169467,0.023793859,0.060521754,271
s133-eth1-s132-eth2,2.704816142,0.023940023,0.036130267,39
s133-eth4-s143-eth3,2.68247455,0.028618651,0.05784625,225
s134-eth1-s133-eth2,2.701845925,0.024120018,0.038344792,68
s134-eth3-s144-eth2,2.697343043,0.023869697,0.051657276,186
s140-eth3-s150-eth2,2.641374962,0.024007697,0.045629449,152
s141-eth1-s140-eth1,2.689018304,0.023629854,0.036159125,38
s141-eth4-s151-eth3,2.734492983,0.023902545,0.05686816,272
s142-eth1-s141-eth2,2.691495826,0.023508132,0.038652274,68
s142-eth4-s152-eth3,2.655145449,0.023836038,0.055633093,240
s143-eth1-s142-eth2,2.71626502,0.024026364,0.049153579,125
s143-eth4-s153-eth3,2.65051375,0.023661291,0.054071844,197
s144-eth1-s143-eth2,2.713253458,0.023529266,0.037056433,60
s144-eth3-s154-eth2,2.696365714,0.028799943,0.056410541,160
s150-eth3-s160-eth2,2.712922453,0.023846893,0.04042358,146
s151-eth1-s150-eth1,2.669219972,0.023947787,0.036469697,35
s151-eth4-s161-eth3,2.713987804,0.023937661,0.055876973,247
s152-eth1-s151-eth2,2.702460548,0.023711847,0.040917766,67
s152-eth4-s162-eth3,2.724430901,0.02423766,0.076841717,329
s153-eth1-s152-eth2,2.720742141,0.024238906,0.036085068,30
s153-eth4-s163-eth3,2.738565044,0.023893534,0.055475792,227
s154-eth1-s153-eth2,2.704954948,0.023950548,0.036462797,28
s154-eth3-s164-eth2,2.7372333,0.024399251,0.051100832,160
s160-eth3-s170-eth2,2.689707692,0.023928531,0.039729854,87
s161-eth1-s160-eth1,2.717588771,0.024070062,0.038594196,70
s161-eth4-s171-eth3,2.676545298,0.024155809,0.059148892,307
s162-eth1-s161-eth2,2.716954315,0.023814183,0.040282823,86
s162-eth4-s172-eth3,2.703570465,0.023868759,0.064256063,289
s163-eth1-s162-eth2,2.664604692,0.023481213,0.035235726,30
s163-eth4-s173-eth3,2.609070222,0.029016332,0.064811552,286
s164-eth1-s163-eth2,2.973910221,0.05159215,0.060920239,37
s164-eth3-s174-eth2,2.674557753,0.023842233,0.055036744,155
s170-eth3-s180-eth2,2.713918456,0.024029446,0.043597715,111
s171-eth1-s170-eth1,2.67174145,-1,-1,0
s171-eth4-s181-eth3,2.721802932,0.024836057,0.059700798,244
s172-eth1-s171-eth2,2.683531001,0.024100716,0.048574077,119
s172-eth4-s182-eth3,2.719328075,0.02391618,0.06484158,356
s173-eth1-s172-eth2,2.694827917,0.026047984,0.041219393,33
s173-eth4-s183-eth3,2.742341069,0.023833082,0.054504026,228
s174-eth1-s173-eth2,2.698114499,0.023749908,0.035474935,30
s174-eth3-s184-eth2,2.740795471,0.023994877,0.047713272,143
s180-eth3-s190-eth2,2.692118547,0.023729666,0.047872399,183
s181-eth1-s180-eth1,2.702138459,-1,-1,0
s181-eth4-s191-eth3,2.685088343,0.023287163,0.058093554,270
s182-eth1-s181-eth2,2.714478583,0.023743415,0.041373239,103
s182-eth4-s192-eth3,2.718179382,0.023921223,0.053345734,280
s183-eth1-s182-eth2,2.712722084,0.023720046,0.040653605,95
s183-eth4-s193-eth3,2.714289774,0.023336981,0.055994728,268
s184-eth1-s183-eth2,2.724971384,0.023654899,0.039131925,63
s184-eth3-s194-eth2,2.681905116,0.023908673,0.044578165,134
s191-eth1-s190-eth1,2.70985847,0.023436591,0.040451181,80
s192-eth1-s191-eth2,2.701933054,0.023360185,0.042888811,116
s193-eth1-s192-eth2,2.722973821,0.023382625,0.045087583,137
s194-eth1-s193-eth2,2.714076543,0.023342474,0.053655509,155
s100-eth2-s110-eth2,2.726126803,0.023580403,0.045947715,128
s101-eth1-s100-eth1,2.724992747,0.023613656,0.051142627,187
s101-eth3-s111-eth3,2.706163813,0.023368712,0.044480575,151
s102-eth1-s101-eth2,2.662489276,0.024877098,0.045502699,152
s102-eth3-s112-eth3,2.711136681,0.023888706,0.047297456,146
s103-eth1-s102-eth2,2.740353509,0.023492502,0.03896875,82
s103-eth3-s113-eth3,2.697530904,0.023293868,0.039705238,170
s104-eth1-s103-eth2,2.693981451,0.023516017,0.037622698,71
s104-eth2-s114-eth2,2.738535626,0.023116447,0.05225095,171
s110-eth3-s120-eth2,2.697504591,0.0240959,0.048966712,149
s111-eth1-s110-eth1,2.667714321,0.02486678,0.052044064,104
s111-eth4-s121-eth3,2.719285951,0.032802387,0.059190946,243
s112-eth1-s111-eth2,2.702097219,0.026042799,0.034589892,67
s112-eth4-s122-eth3,2.705672913,0.033185865,0.061005626,265
s113-eth1-s112-eth2,2.682431591,0.025435008,0.032418077,40
s113-eth4-s123-eth3,2.694006135,0.034411699,0.06381476,245
s114-eth1-s113-eth2,2.712557598,0.024686748,0.031278431,46
s114-eth3-s124-eth2,2.715966556,0.024378405,0.051601079,183
s120-eth3-s130-eth2,2.726671172,0.028916406,0.058408062,137
s121-eth1-s120-eth1,2.708889365,0.027913082,0.033871644,48
s121-eth4-s131-eth3,2.702477597,0.034430706,0.071346494,286
s122-eth1-s121-eth2,2.711194367,0.024867477,0.043927022,111
s122-eth4-s132-eth3,2.731508418,0.034571335,0.06387083,279
s123-eth1-s122-eth2,2.714884896,0.023958567,0.027760383,38
s123-eth4-s133-eth3,2.67192075,0.031250874,0.058117192,233
s124-eth1-s123-eth2,2.624542136,-1,-1,0
s124-eth3-s134-eth2,2.666996048,0.029193967,0.047012665,163
s130-eth3-s140-eth2,2.724033647,0.027261405,0.046104593,106
s131-eth1-s130-eth1,2.726607964,0.025827241,0.031639562,41
s131-eth4-s141-eth3,2.703779957,0.032462698,0.061063904,252
s132-eth1-s131-eth2,2.676092306,0.027933193,0.047772732,96
s132-eth4-s142-eth3,2.72399541,0.024179519,0.062593702,271
s133-eth1-s132-eth2,2.692378628,0.024898957,0.030543675,41
s133-eth4-s143-eth3,2.72771622,0.031360151,0.052573291,214
s134-eth1-s133-eth2,2.683688378,0.026111103,0.033658785,65
s134-eth3-s144-eth2,2.718034522,0.030093947,0.06556289,218
s140-eth3-s150-eth2,2.69206956,0.027817545,0.054079943,165
s141-eth1-s140-eth1,2.630093676,0.024386876,0.033457488,46
s141-eth4-s151-eth3,2.682721722,0.023729111,0.05730421,187
s142-eth1-s141-eth2,2.693664768,0.025932282,0.03570264,81
s142-eth4-s152-eth3,2.688152929,0.03094515,0.051132803,205
s143-eth1-s142-eth2,2.753516415,0.025930725,0.050469284,127
s143-eth4-s153-eth3,2.676444278,0.031525017,0.059012662,180
s144-eth1-s143-eth2,2.618331408,0.025876221,0.053959936,76
s144-eth3-s154-eth2,2.681327194,0.031102543,0.059214355,164
s150-eth3-s160-eth2,2.71090293,0.032795156,0.064908281,165
s151-eth1-s150-eth1,2.699835852,0.024807192,0.032738039,44
s151-eth4-s161-eth3,2.725856932,0.032762949,0.063681741,225
s152-eth1-s151-eth2,2.693874582,0.024888516,0.042649889,67
s152-eth4-s162-eth3,2.728374764,0.036904716,0.069660962,257
s153-eth1-s152-eth2,2.723794903,0.026782955,0.038792964,32
s153-eth4-s163-eth3,2.72370521,0.031696652,0.056367458,199
s154-eth1-s153-eth2,2.700163213,0.024225491,0.02765799,41
s154-eth3-s164-eth2,2.744890243,0.027975901,0.045460289,183
s160-eth3-s170-eth2,2.733735729,0.026239853,0.034146182,87
s161-eth1-s160-eth1,2.67294213,0.025007586,0.040134834,75
s161-eth4-s171-eth3,2.719116694,0.038681201,0.082348487,301
s162-eth1-s161-eth2,2.667289967,0.027411164,0.035815343,81
s162-eth4-s172-eth3,2.689308671,0.032858138,0.07037014,259
s163-eth1-s162-eth2,2.72423412,0.025675184,0.031634647,39
s163-eth4-s173-eth3,2.684183324,0.032939933,0.056720165,258
s164-eth1-s163-eth2,2.753255939,0.027005043,0.033335992,39
s164-eth3-s174-eth2,2.690447132,0.0304543,0.050787237,140
s170-eth3-s180-eth2,2.717082965,0.027271338,0.04266745,108
s171-eth1-s170-eth1,2.734211112,-1,-1,0
s171-eth4-s181-eth3,2.646768548,0.032820764,0.066000412,235
s172-eth1-s171-eth2,2.704591947,0.033956186,0.054840433,129
s172-eth4-s182-eth3,2.648893742,0.024211087,0.058869472,358
s173-eth1-s172-eth2,2.713080535,0.032762991,0.037818833,37
s173-eth4-s183-eth3,2.637437529,0.036221481,0.06638951,238
s174-eth1-s173-eth2,2.709521625,0.024654897,0.029358134,32
s174-eth3-s184-eth2,2.729517807,0.028604001,0.045944908,129
s180-eth3-s190-eth2,2.697342084,0.023775865,0.051018853,203
s181-eth1-s180-eth1,2.653232499,-1,-1,0
s181-eth4-s191-eth3,2.673332947,0.026376759,0.06511143,350
s182-eth1-s181-eth2,2.751329679,0.024165034,0.041511099,91
s182-eth4-s192-eth3,2.696622266,0.023718253,0.057313496,279
s183-eth1-s182-eth2,2.755725835,0.023905135,0.043039858,108
s183-eth4-s193-eth3,2.68175196,0.023528402,0.058908154,301
s184-eth1-s183-eth2,2.7366293,0.02402009,0.047071858,72
s184-eth3-s194-eth2,2.684678513,0.023906361,0.051282734,159
s191-eth1-s190-eth1,2.636948025,0.023430686,0.034704697,89
s192-eth1-s191-eth2,2.683772772,0.023191416,0.049887912,117
s193-eth1-s192-eth2,2.732296723,0.023383903,0.049295277,142
s194-eth1-s193-eth2,2.716117763,0.023632191,0.049753575,155
s100-eth2-s110-eth2,2.753398443,0.023762145,0.045425549,116
s101-eth1-s100-eth1,2.717696739,0.023634106,0.047519889,179
s101-eth3-s111-eth3,2.733201898,0.023259138,0.048202591,149
s102-eth1-s101-eth2,2.720490111,0.023469388,0.050023423,169
s102-eth3-s112-eth3,2.715968202,0.02323443,0.048561823,138
s103-eth1-s102-eth2,2.740257282,0.023491612,0.041284752,72
s103-eth3-s113-eth3,2.710809181,0.035349447,0.063604249,169
s104-eth1-s103-eth2,2.729225083,0.023395838,0.037562116,57
s104-eth2-s114-eth2,2.71734702,0.023280642,0.053091882,194
s110-eth3-s120-eth2,2.706735573,0.024039328,0.044074018,137
s111-eth1-s110-eth1,2.745371543,0.02410134,0.044461553,121
s111-eth4-s121-eth3,2.683340667,0.030519061,0.055906084,275
s112-eth1-s111-eth2,2.716893447,0.024798913,0.03847028,58
s112-eth4-s122-eth3,2.700327939,0.023797673,0.062495245,302
s113-eth1-s112-eth2,2.703353116,0.024040369,0.032114622,39
s113-eth4-s123-eth3,2.731578776,0.023974561,0.0607982,296
s114-eth1-s113-eth2,2.718972126,0.022738283,0.033466481,44
s114-eth3-s124-eth2,2.692493444,0.026041637,0.05166152,209
s120-eth3-s130-eth2,2.731181621,0.023712372,0.044683401,131
s121-eth1-s120-eth1,2.741540222,0.025740834,0.03906375,39
s121-eth4-s131-eth3,2.725031764,0.023807389,0.058922948,261
s122-eth1-s121-eth2,2.754145628,0.023707365,0.042390412,100
s122-eth4-s132-eth3,2.729490353,0.024261484,0.063722277,294
s123-eth1-s122-eth2,2.707618503,0.023705137,0.035715144,30
s123-eth4-s133-eth3,2.71703785,0.023852491,0.05956219,239
s124-eth1-s123-eth2,2.736751832,-1,-1,0
s124-eth3-s134-eth2,2.708130954,0.023605441,0.048223498,221
s130-eth3-s140-eth2,2.660453777,0.023723456,0.047514092,132
s131-eth1-s130-eth1,2.710681324,0.024227098,0.053083716,39
s131-eth4-s141-eth3,2.672096231,0.023714841,0.064718727,283
s132-eth1-s131-eth2,2.716930051,0.023637995,0.044382731,111
s132-eth4-s142-eth3,2.703182353,0.023972745,0.058903057,322
s133-eth1-s132-eth2,2.671943673,0.023837854,0.048412399,42
s133-eth4-s143-eth3,2.677443149,0.023734659,0.051282225,246
s134-eth1-s133-eth2,2.732662725,0.023687205,0.036157319,82
s134-eth3-s144-eth2,2.706934477,0.023918114,0.05024739,217
s140-eth3-s150-eth2,2.692028316,0.023673376,0.058968012,181
s141-eth1-s140-eth1,2.687161479,0.023570156,0.036306881,41
s141-eth4-s151-eth3,2.707089088,0.023991194,0.06807312,290
s142-eth1-s141-eth2,2.688767114,0.023596673,0.034566407,80
s142-eth4-s152-eth3,2.727474381,0.02392874,0.05793983,253
s143-eth1-s142-eth2,2.684506993,0.02412875,0.050844309,128
s143-eth4-s153-eth3,2.713050639,0.023912309,0.045982686,237
s144-eth1-s143-eth2,2.716979565,0.028894068,0.042917147,61
s144-eth3-s154-eth2,2.730519511,0.023560265,0.04843176,214
s150-eth3-s160-eth2,2.703540364,0.024717055,0.049096823,132
s151-eth1-s150-eth1,2.749094164,0.023739172,0.037095135,39
s151-eth4-s161-eth3,2.708277251,0.024043951,0.063181796,275
s152-eth1-s151-eth2,2.749042135,0.023632629,0.038861897,73
s152-eth4-s162-eth3,2.713905384,0.023620124,0.060960937,274
s153-eth1-s152-eth2,2.728517003,0.024044075,0.032921514,31
s153-eth4-s163-eth3,2.702169025,0.025021592,0.054475875,234
s154-eth1-s153-eth2,2.718006865,0.023807944,0.034069901,35
s154-eth3-s164-eth2,2.711348024,0.023623781,0.054101156,219
s160-eth3-s170-eth2,2.71349507,0.023958053,0.034443014,96
s161-eth1-s160-eth1,2.701699208,0.023758994,0.043591063,75
s161-eth4-s171-eth3,2.651906127,0.028621282,0.061935725,323
s162-eth1-s161-eth2,2.725024559,0.023938724,0.040983586,96
s162-eth4-s172-eth3,2.734244159,0.023945714,0.051947322,275
s163-eth1-s162-eth2,2.74956662,0.023689727,0.034874556,30
s163-eth4-s173-eth3,2.691862205,0.024051929,0.054791348,288
s164-eth1-s163-eth2,2.750571601,0.026038633,0.038310669,34
s164-eth3-s174-eth2,2.717367252,0.025968684,0.057774908,172
s170-eth3-s180-eth2,2.692439615,0.023783779,0.037385644,136
s171-eth1-s170-eth1,2.710900614,-1,-1,0
s171-eth4-s181-eth3,2.719014571,0.028753308,0.069458372,308
s172-eth1-s171-eth2,2.730289883,0.023767542,0.050569072,143
s172-eth4-s182-eth3,2.731334656,0.023991515,0.062470178,300
s173-eth1-s172-eth2,2.732030169,0.025509869,0.034243346,39
s173-eth4-s183-eth3,2.703175853,0.024434955,0.101526937,305
s174-eth1-s173-eth2,2.714579444,0.023578293,0.0360174,27
s174-eth3-s184-eth2,2.656707293,0.024960366,0.050512363,158
s180-eth3-s190-eth2,2.716639244,0.023356933,0.072249671,245
s181-eth1-s180-eth1,2.676440582,-1,-1,0
s181-eth4-s191-eth3,2.721319807,0.024286588,0.053620063,321
s182-eth1-s181-eth2,2.74579167,0.023737878,0.042436564,113
s182-eth4-s192-eth3,2.721858506,0.023434723,0.079514308,328
s183-eth1-s182-eth2,2.688618013,0.024065145,0.036619212,109
s183-eth4-s193-eth3,2.636222821,0.027971079,0.062042572,297
s184-eth1-s183-eth2,2.711812507,0.023755613,0.038366768,61
s184-eth3-s194-eth2,2.6367641,0.023636981,0.046446646,155
s191-eth1-s190-eth1,2.685466588,0.023227018,0.045582726,76
s192-eth1-s191-eth2,2.531198937,0.023260398,0.03713794,125
s193-eth1-s192-eth2,2.680079848,0.023482862,0.047338759,140
s194-eth1-s193-eth2,2.717328079,0.023336947,0.048569627,185
s100-eth2-s110-eth2,2.683491189,0.024137183,0.044838701,124
s101-eth1-s100-eth1,2.732334685,0.023387472,0.051399614,193
s101-eth3-s111-eth3,2.691752892,0.025010872,0.049922463,161
s102-eth1-s101-eth2,2.727493662,0.023361234,0.048111541,172
s102-eth3-s112-eth3,2.693623762,0.023526519,0.046242053,186
s103-eth1-s102-eth2,2.641769594,0.023488754,0.035587953,93
s103-eth3-s113-eth3,2.686458985,0.023280746,0.052356678,161
s104-eth1-s103-eth2,2.643161057,0.023415364,0.035029438,80
s104-eth2-s114-eth2,2.688616756,0.023300926,0.053784629,191
s110-eth3-s120-eth2,2.729320135,0.024017596,0.041463536,147
s111-eth1-s110-eth1,2.722438005,0.024118661,0.050017328,119
s111-eth4-s121-eth3,2.707094787,0.023829549,0.059027875,296
s112-eth1-s111-eth2,2.679214017,0.023973694,0.038024701,76
s112-eth4-s122-eth3,2.704700602,0.023656625,0.061194398,325
s113-eth1-s112-eth2,2.656927624,0.024043414,0.032697542,37
s113-eth4-s123-eth3,2.692181769,0.023907318,0.069092331,284
s114-eth1-s113-eth2,2.744120166,0.023812398,0.036487035,35
s114-eth3-s124-eth2,2.716495815,0.023915932,0.050140604,164
s120-eth3-s130-eth2,2.739493315,0.023631202,0.044589051,138
s121-eth1-s120-eth1,2.70207181,0.026871494,0.039816717,43
s121-eth4-s131-eth3,2.711762651,0.024280703,0.054741245,267
s122-eth1-s121-eth2,2.73864628,0.023589953,0.041012451,114
s122-eth4-s132-eth3,2.726032769,0.029357758,0.064051166,247
s123-eth1-s122-eth2,2.739806511,0.023611968,0.036353408,30
s123-eth4-s133-eth3,2.726945882,0.024385361,0.059271569,245
s124-eth1-s123-eth2,2.714418021,-1,-1,0
s124-eth3-s134-eth2,2.734941746,0.023577161,0.05007513,215
s130-eth3-s140-eth2,2.726814636,0.02361306,0.042874167,101
s131-eth1-s130-eth1,2.679875587,0.024372781,0.032512185,42
s131-eth4-s141-eth3,2.711608851,0.023899827,0.058734977,267
s132-eth1-s131-eth2,2.73606007,0.023848609,0.041842525,92
s132-eth4-s142-eth3,2.748645293,0.023928265,0.060089705,295
s133-eth1-s132-eth2,2.719825826,0.024253821,0.031282013,42
s133-eth4-s143-eth3,2.704851522,0.023965468,0.057242811,261
s134-eth1-s133-eth2,2.716064644,0.023907082,0.033677076,77
s134-eth3-s144-eth2,2.719306484,0.023571086,0.05115069,230
s140-eth3-s150-eth2,2.708301816,0.023807793,0.048132789,193
s141-eth1-s140-eth1,2.709909169,0.023596768,0.037403726,45
s141-eth4-s151-eth3,2.722761833,0.023720958,0.054522259,245
s142-eth1-s141-eth2,2.710876225,0.024071768,0.033444092,84
s142-eth4-s152-eth3,2.67076105,0.023707994,0.057521907,284
s143-eth1-s142-eth2,2.65147874,0.023689666,0.049368739,136
s143-eth4-s153-eth3,2.696582523,0.023728605,0.05346094,230
s144-eth1-s143-eth2,2.732524843,0.023553596,0.038199483,62
s144-eth3-s154-eth2,2.731774023,0.023723284,0.048472035,168
s150-eth3-s160-eth2,2.738867055,0.023829977,0.048715057,144
s151-eth1-s150-eth1,2.689289688,0.023513837,0.035834018,37
s151-eth4-s161-eth3,2.734458196,0.024038722,0.05256904,253
s152-eth1-s151-eth2,2.70479483,0.023765136,0.036345974,86
s152-eth4-s162-eth3,2.72092602,0.024659089,0.060558707,285
s153-eth1-s152-eth2,2.702318145,0.023019489,0.035654295,31
s153-eth4-s163-eth3,2.721770883,0.023885094,0.056334975,198
s154-eth1-s153-eth2,2.682912908,0.023848914,0.034534135,35
s154-eth3-s164-eth2,2.717283387,0.023604223,0.061060779,225
s160-eth3-s170-eth2,2.731495739,0.023839781,0.035861151,100
s161-eth1-s160-eth1,2.655376252,0.0236381,0.045860757,79
s161-eth4-s171-eth3,2.698413247,0.023690396,0.063941417,357
s162-eth1-s161-eth2,2.677770654,0.023764105,0.04706538,109
s162-eth4-s172-eth3,2.702026045,0.024035838,0.060275439,292
s163-eth1-s162-eth2,2.665146831,0.023680379,0.033300348,38
s163-eth4-s173-eth3,2.70931003,0.024223738,0.061858833,278
s164-eth1-s163-eth2,2.652222222,0.025836599,0.032614374,36
s164-eth3-s174-eth2,2.696832212,0.02355878,0.04939148,172
s170-eth3-s180-eth2,2.660704535,0.023697314,0.038947531,137
s171-eth1-s170-eth1,2.706519196,-1,-1,0
s171-eth4-s181-eth3,2.638329347,0.023812234,0.054548627,270
s172-eth1-s171-eth2,2.715061721,0.024052793,0.042921921,126
s172-eth4-s182-eth3,2.666887249,0.024253955,0.066517355,359
s173-eth1-s172-eth2,2.728838765,0.02543862,0.036365422,30
s173-eth4-s183-eth3,2.7152249,0.023667078,0.052464761,277
s174-eth1-s173-eth2,2.75154057,0.023801317,0.035196606,27
s174-eth3-s184-eth2,2.677796183,0.02368841,0.048695395,160
s180-eth3-s190-eth2,2.734571566,0.023419369,0.051217359,227
s181-eth1-s180-eth1,2.723206265,-1,-1,0
s181-eth4-s191-eth3,2.70684484,0.02390391,0.061260883,299
s182-eth1-s181-eth2,2.685620722,0.023808523,0.049045444,112
s182-eth4-s192-eth3,2.732348651,0.023930308,0.059160147,299
s183-eth1-s182-eth2,2.727501961,0.023774557,0.041902844,100
s183-eth4-s193-eth3,2.742287605,0.023324584,0.057030834,276
s184-eth1-s183-eth2,2.72039507,0.02365646,0.03960434,63
s184-eth3-s194-eth2,2.731947801,0.023721455,0.048515993,147
s191-eth1-s190-eth1,2.690260715,0.023459126,0.03709115,83
s192-eth1-s191-eth2,2.714422277,0.023431664,0.046631249,112
s193-eth1-s192-eth2,2.67590789,0.023858066,0.052782391,137
s194-eth1-s193-eth2,2.720651246,0.023174312,0.056767777,168
s100-eth2-s110-eth2,2.686065126,0.023990277,0.042189404,140
s101-eth1-s100-eth1,2.692842212,0.023125204,0.052048655,178
s101-eth3-s111-eth3,2.708157627,0.023480839,0.051492596,172
s102-eth1-s101-eth2,2.653347401,0.023291564,0.049813725,157
s102-eth3-s112-eth3,2.712678337,0.023465459,0.05132655,176
s103-eth1-s102-eth2,2.664051137,0.023282885,0.035364683,99
s103-eth3-s113-eth3,2.70134599,0.029498411,0.055757521,175
s104-eth1-s103-eth2,2.694100838,0.023227069,0.040188039,68
s104-eth2-s114-eth2,2.722440441,0.02331149,0.057984185,200
s110-eth3-s120-eth2,2.679442694,0.023695511,0.042145702,157
s111-eth1-s110-eth1,2.719923216,0.025266059,0.046369536,117
s111-eth4-s121-eth3,2.671850547,0.024019457,0.061165059,318
s112-eth1-s111-eth2,2.75247876,0.023647865,0.038052733,71
s112-eth4-s122-eth3,2.680057817,0.023724122,0.063226766,325
s113-eth1-s112-eth2,2.74000766,0.023678616,0.032822052,38
s113-eth4-s123-eth3,2.684575222,0.023850528,0.051100351,289
s114-eth1-s113-eth2,2.670512456,0.023790775,0.035079413,31
s114-eth3-s124-eth2,2.696790783,0.023643861,0.046300787,193
s120-eth3-s130-eth2,2.672377148,0.023454293,0.045872587,131
s121-eth1-s120-eth1,2.724167383,0.029087229,0.042471948,39
s121-eth4-s131-eth3,2.709399101,0.023846983,0.075834951,280
s122-eth1-s121-eth2,2.749140467,0.023667381,0.045307126,91
s122-eth4-s132-eth3,2.733388066,0.023874695,0.064325025,288
s123-eth1-s122-eth2,2.730982596,0.023476246,0.033119921,36
s123-eth4-s133-eth3,2.718150743,0.023856079,0.057767799,210
s124-eth1-s123-eth2,2.740859416,-1,-1,0
s124-eth3-s134-eth2,2.717519677,0.023588334,0.051686938,201
s130-eth3-s140-eth2,2.678982386,0.023647112,0.05780066,137
s131-eth1-s130-eth1,2.71208809,0.024014592,0.035727961,44
s131-eth4-s141-eth3,2.734787864,0.024364659,0.061073953,279
s132-eth1-s131-eth2,2.703900991,0.02432554,0.043446783,100
s132-eth4-s142-eth3,2.676668258,0.024177422,0.05006003,304
s133-eth1-s132-eth2,2.691325571,0.023807138,0.035196133,35
s133-eth4-s143-eth3,2.721963035,0.023714322,0.051087799,171
s134-eth1-s133-eth2,2.699336621,0.023735004,0.039267921,64
s134-eth3-s144-eth2,2.672204794,0.0237591,0.051801395,190
s140-eth3-s150-eth2,2.689270686,0.023820806,0.048155927,159
s141-eth1-s140-eth1,2.646858829,0.027001209,0.039166471,33
s141-eth4-s151-eth3,2.726000041,0.023844278,0.059272814,223
s142-eth1-s141-eth2,2.573634868,0.02724533,0.039309486,67
s142-eth4-s152-eth3,2.700399684,0.024056279,0.054361078,236
s143-eth1-s142-eth2,2.675492559,0.023744324,0.043986216,126
s143-eth4-s153-eth3,2.725108515,0.023834126,0.057488723,185
s144-eth1-s143-eth2,2.70657641,0.02374083,0.037848422,59
s144-eth3-s154-eth2,2.698107271,0.023808723,0.05072754,175
s150-eth3-s160-eth2,2.726296526,0.023897581,0.050185696,152
s151-eth1-s150-eth1,2.711790385,0.023614272,0.035390668,38
s151-eth4-s161-eth3,2.716359311,0.023782213,0.053375057,254
s152-eth1-s151-eth2,2.729759884,0.023620174,0.037658484,64
s152-eth4-s162-eth3,2.725460255,0.024158103,0.062682597,303
s153-eth1-s152-eth2,2.670440448,0.02390704,0.031592726,30
s153-eth4-s163-eth3,2.725179282,0.023778169,0.053368597,214
s154-eth1-s153-eth2,2.728441417,0.024914204,0.036938404,32
s154-eth3-s164-eth2,2.70143745,0.02455021,0.053550312,191
s160-eth3-s170-eth2,2.718781827,0.023982952,0.037137042,86
s161-eth1-s160-eth1,2.679915332,0.023688667,0.038991541,73
s161-eth4-s171-eth3,2.719634698,0.02400683,0.060744027,353
s162-eth1-s161-eth2,2.68986169,0.023794845,0.039211351,90
s162-eth4-s172-eth3,2.691441437,0.023675829,0.056905431,272
s163-eth1-s162-eth2,2.689087496,0.023486641,0.035894905,32
s163-eth4-s173-eth3,2.668242704,0.023723019,0.061793398,240
s164-eth1-s163-eth2,2.693553832,0.025905484,0.038179491,36
s164-eth3-s174-eth2,2.734941939,0.023632839,0.05020158,174
s170-eth3-s180-eth2,2.703659716,0.023565135,0.038080664,124
s171-eth1-s170-eth1,2.74147416,-1,-1,0
s171-eth4-s181-eth3,2.695488062,0.023708148,0.051195641,255
s172-eth1-s171-eth2,2.663872057,0.028632686,0.055639312,127
s172-eth4-s182-eth3,2.712724974,0.024313759,0.061874507,352
s173-eth1-s172-eth2,2.735317489,0.025580068,0.037813531,33
s173-eth4-s183-eth3,2.7096498,0.023829533,0.050931584,228
s174-eth1-s173-eth2,2.725419871,0.029612242,0.042810704,30
s174-eth3-s184-eth2,2.709993698,0.023633749,0.047664189,143
s180-eth3-s190-eth2,2.656570868,0.023234994,0.052224517,182
s181-eth1-s180-eth1,2.716670756,-1,-1,0
s181-eth4-s191-eth3,2.660990797,0.025754909,0.061136392,302
s182-eth1-s181-eth2,2.721251857,0.023973746,0.042197448,101
s182-eth4-s192-eth3,2.685304067,0.029060455,0.065976579,301
s183-eth1-s182-eth2,2.758333432,0.0240059,0.045768622,96
s183-eth4-s193-eth3,2.719166479,0.023557445,0.061408144,283
s184-eth1-s183-eth2,2.718188433,0.024765082,0.039981565,60
s184-eth3-s194-eth2,2.72895668,0.023718781,0.048284253,160
s191-eth1-s190-eth1,2.708586939,0.02337575,0.038140573,82
s192-eth1-s191-eth2,2.733133024,0.023302175,0.042534358,125
s193-eth1-s192-eth2,2.716589967,0.023413464,0.045940601,120
s194-eth1-s193-eth2,2.679644055,0.023508529,0.052990972,162
s100-eth2-s110-eth2,2.733169965,0.023941078,0.049507071,128
s101-eth1-s100-eth1,2.670277396,0.023394496,0.051758645,182
s101-eth3-s111-eth3,2.728203009,0.02346264,0.048793124,164
s102-eth1-s101-eth2,2.67414429,0.023403944,0.046015153,182
s102-eth3-s112-eth3,2.722917648,0.023243675,0.04629413,155
s103-eth1-s102-eth2,2.678237701,0.02332954,0.039955348,84
s103-eth3-s113-eth3,2.713288312,0.023237096,0.050917096,156
s104-eth1-s103-eth2,2.71577278,0.02328109,0.039067351,82
s104-eth2-s114-eth2,2.725782533,0.023230562,0.052212245,173
s110-eth3-s120-eth2,2.681622248,0.023903231,0.03909532,138
s111-eth1-s110-eth1,2.630780801,0.02434658,0.04017944,106
s111-eth4-s121-eth3,2.676854406,0.029228968,0.064435161,283
s112-eth1-s111-eth2,2.736113322,0.023686267,0.038225945,60
s112-eth4-s122-eth3,2.680473755,0.023827092,0.061037369,307
s113-eth1-s112-eth2,2.741406515,0.023838197,0.036082312,32
s113-eth4-s123-eth3,2.685057899,0.023863528,0.0543363,267
s114-eth1-s113-eth2,2.705839013,0.023578127,0.036370861,40
s114-eth3-s124-eth2,2.689337462,0.023675367,0.049307847,161
s120-eth3-s130-eth2,2.652451419,0.025109271,0.048060767,126
s121-eth1-s120-eth1,2.511559653,0.029286136,0.04279335,39
s121-eth4-s131-eth3,2.654803072,0.023680819,0.057804346,277
s122-eth1-s121-eth2,2.718607651,0.02351425,0.045393264,100
s122-eth4-s132-eth3,2.668536185,0.023856022,0.059943168,281
s123-eth1-s122-eth2,2.729666355,0.023677163,0.035962435,29
s123-eth4-s133-eth3,2.680719477,0.023794595,0.050570309,210
s124-eth1-s123-eth2,2.737677297,-1,-1,0
s124-eth3-s134-eth2,2.690017171,0.02399879,0.049477507,171
s130-eth3-s140-eth2,2.689751113,0.030452386,0.05285134,113
s131-eth1-s130-eth1,2.731356085,0.024041788,0.037139125,45
s131-eth4-s141-eth3,2.731399792,0.023835829,0.059162922,236
s132-eth1-s131-eth2,2.686314916,0.024035611,0.042705223,98
s132-eth4-s142-eth3,2.728930878,0.023600679,0.059210905,299
s133-eth1-s132-eth2,2.69156836,0.024104309,0.035941874,40
s133-eth4-s143-eth3,2.67283927,0.02397455,0.051753807,198
s134-eth1-s133-eth2,2.733123173,0.023766377,0.037913991,62
s134-eth3-s144-eth2,2.700305826,0.028500313,0.058111518,187
s140-eth3-s150-eth2,2.715876566,0.023550008,0.044423116,137
s141-eth1-s140-eth1,2.689266803,0.023721105,0.035887925,36
s141-eth4-s151-eth3,2.717999685,0.023699225,0.057130293,239
s142-eth1-s141-eth2,2.697787564,0.023514545,0.038976226,67
s142-eth4-s152-eth3,2.720076026,0.024074651,0.060634163,217
s143-eth1-s142-eth2,2.676588324,0.02400272,0.044099495,129
s143-eth4-s153-eth3,2.724785608,0.023918573,0.044517786,214
s144-eth1-s143-eth2,2.687969921,0.023866791,0.036687493,56
s144-eth3-s154-eth2,2.722005377,0.023540332,0.064820674,160
s150-eth3-s160-eth2,2.666244331,0.024341619,0.053962105,152
s151-eth1-s150-eth1,2.712674595,0.023671186,0.036517319,42
s151-eth4-s161-eth3,2.674281158,0.023815093,0.055645361,266
s152-eth1-s151-eth2,2.63263898,0.023782664,0.038653918,77
s152-eth4-s162-eth3,2.687449109,0.024193794,0.055941476,294
s153-eth1-s152-eth2,2.677241781,0.030604347,0.043326797,30
s153-eth4-s163-eth3,2.683944855,0.023998366,0.054042441,235
s154-eth1-s153-eth2,2.653592313,0.023761593,0.036735121,30
s154-eth3-s164-eth2,2.667762169,0.023755641,0.052515514,190
s160-eth3-s170-eth2,2.687337963,0.023686568,0.042480654,85
s161-eth1-s160-eth1,2.70221481,0.025477577,0.041100664,79
s161-eth4-s171-eth3,2.663093674,0.024121091,0.062865789,319
s162-eth1-s161-eth2,2.704552982,0.023507831,0.031929234,89
s162-eth4-s172-eth3,2.693840324,0.028800027,0.058259976,269
s163-eth1-s162-eth2,2.660277094,0.02345163,0.034765014,33
s163-eth4-s173-eth3,2.703296052,0.023798727,0.057624518,247
s164-eth1-s163-eth2,2.640684149,0.025747746,0.038427106,34
s164-eth3-s174-eth2,2.687052819,0.0237925,0.04785264,150
s170-eth3-s180-eth2,2.69596083,0.02356197,0.036728067,122
s171-eth1-s170-eth1,2.686634614,-1,-1,0
s171-eth4-s181-eth3,2.683120924,0.023813258,0.056972529,240
s172-eth1-s171-eth2,2.651629658,0.023684891,0.042460579,119
s172-eth4-s182-eth3,2.697381973,0.024228559,0.164742235,364
s173-eth1-s172-eth2,2.659853102,0.025557734,0.037565412,35
s173-eth4-s183-eth3,2.707682771,0.023619915,0.056026013,275
s174-eth1-s173-eth2,2.673457094,0.023699483,0.035770587,31
s174-eth3-s184-eth2,2.627572759,0.023836003,0.048549589,143
s180-eth3-s190-eth2,2.676423901,0.023256305,0.051115435,212
s181-eth1-s180-eth1,2.624922534,-1,-1,0
s181-eth4-s191-eth3,2.671981955,0.023396103,0.061572693,277
s182-eth1-s181-eth2,2.63116146,0.024220947,0.042299078,95
s182-eth4-s192-eth3,2.682291896,0.023250197,0.05816086,268
s183-eth1-s182-eth2,2.631417484,0.023649603,0.040465204,88
s183-eth4-s193-eth3,2.675377683,0.023568105,0.066493296,321
s184-eth1-s183-eth2,2.697124096,0.023680759,0.047123167,68
s184-eth3-s194-eth2,2.692080614,0.023702457,0.048796607,148
s191-eth1-s190-eth1,2.631913573,0.023396013,0.047241857,80
s192-eth1-s191-eth2,2.677202403,0.023298323,0.042265708,121
s193-eth1-s192-eth2,2.619609089,0.023299025,0.042349532,148
s194-eth1-s193-eth2,2.691514356,0.023579297,0.056491175,151
s100-eth2-s110-eth2,2.666512724,0.024032413,0.043945847,121
s101-eth1-s100-eth1,2.704661922,0.023257011,0.047396044,160
s101-eth3-s111-eth3,2.653347767,0.023403441,0.044824692,123
s102-eth1-s101-eth2,2.687254773,0.023310139,0.04744792,145
s102-eth3-s112-eth3,2.697835098,0.024351093,0.044038678,144
s103-eth1-s102-eth2,2.712684906,0.023141864,0.037997474,84
s103-eth3-s113-eth3,2.705944609,0.023143354,0.051314795,173
s104-eth1-s103-eth2,2.696507274,0.023065347,0.03734722,63
s104-eth2-s114-eth2,2.686642865,0.0233075,0.048472466,140
s110-eth3-s120-eth2,2.707393472,0.02381069,0.05054908,147
s111-eth1-s110-eth1,2.684500118,0.02427294,0.044029701,103
s111-eth4-s121-eth3,2.709647899,0.023754034,0.053887205,271
s112-eth1-s111-eth2,2.677618882,0.025235834,0.039458023,72
s112-eth4-s122-eth3,2.716889422,0.023799532,0.057730026,311
s113-eth1-s112-eth2,2.678367179,0.024010072,0.037364114,33
s113-eth4-s123-eth3,2.703957082,0.024062112,0.055530294,290
s114-eth1-s113-eth2,2.679251884,0.023726913,0.037120807,35
s114-eth3-s124-eth2,2.676247528,0.023679563,0.052101899,171
s120-eth3-s130-eth2,2.689275504,0.024082529,0.048331873,112
s121-eth1-s120-eth1,2.625946075,0.025649808,0.038427956,43
s121-eth4-s131-eth3,2.673958318,0.024135897,0.059932975,265
s122-eth1-s121-eth2,2.632260304,0.023594364,0.040421009,93
s122-eth4-s132-eth3,2.678876008,0.023576634,0.059012213,316
s123-eth1-s122-eth2,2.697364321,0.023510363,0.028780233,35
s123-eth4-s133-eth3,2.685210289,0.023812967,0.056237292,244
s124-eth1-s123-eth2,2.644834075,-1,-1,0
s124-eth3-s134-eth2,2.688810612,0.023876584,0.046046363,144
s130-eth3-s140-eth2,2.699153509,0.024090911,0.041437922,99
s131-eth1-s130-eth1,2.691611197,0.029282455,0.043145567,36
s131-eth4-s141-eth3,2.637152263,0.023732238,0.055501963,252
s132-eth1-s131-eth2,2.694836847,0.030792369,0.047913269,95
s132-eth4-s142-eth3,2.644746681,0.023677934,0.059625713,275
s133-eth1-s132-eth2,2.606122757,0.023832797,0.035655698,34
s133-eth4-s143-eth3,2.649268631,0.023682587,0.052934069,209
s134-eth1-s133-eth2,2.693936049,0.023570179,0.037347153,66
s134-eth3-s144-eth2,2.655549312,0.023708843,0.052241896,195
s140-eth3-s150-eth2,2.676667337,0.023942396,0.04504953,169
s141-eth1-s140-eth1,2.676820019,0.023845326,0.035656249,26
s141-eth4-s151-eth3,2.715003199,0.023904394,0.057009413,252
s142-eth1-s141-eth2,2.682138237,0.023373179,0.037451574,78
s142-eth4-s152-eth3,2.713704684,0.023573946,0.055313198,243
s143-eth1-s142-eth2,2.677296818,0.023975353,0.044447754,129
s143-eth4-s153-eth3,2.658928352,0.023691186,0.052813444,207
s144-eth1-s143-eth2,2.673960991,0.029563448,0.04376112,67
s144-eth3-s154-eth2,2.64890892,0.023760847,0.050179344,145
s150-eth3-s160-eth2,2.704111163,0.02406689,0.048899657,155
s151-eth1-s150-eth1,2.68442746,0.024585518,0.033241463,43
s151-eth4-s161-eth3,2.674742522,0.023937111,0.054053717,227
s152-eth1-s151-eth2,2.665358344,0.023597746,0.039252233,68
s152-eth4-s162-eth3,2.689080696,0.023890242,0.058765583,300
s153-eth1-s152-eth2,2.678272222,0.024292419,0.037050682,31
s153-eth4-s163-eth3,2.694288232,0.031064507,0.057142804,194
s154-eth1-s153-eth2,2.668488987,0.02412473,0.027236364,34
s154-eth3-s164-eth2,2.692455573,0.023736277,0.04823173,192
s160-eth3-s170-eth2,2.663164084,0.023668698,0.03853784,84
s161-eth1-s160-eth1,2.695856718,0.023636555,0.042927934,62
s161-eth4-s171-eth3,2.676585157,0.024210066,0.060037696,326
s162-eth1-s161-eth2,2.696294153,0.023705017,0.045677399,85
s162-eth4-s172-eth3,2.642385505,0.023823247,0.055164808,276
s163-eth1-s162-eth2,2.700375903,0.023786834,0.035824882,33
s163-eth4-s173-eth3,2.689769881,0.023927093,0.056780362,279
s164-eth1-s163-eth2,2.708382267,0.025644727,0.038245185,35
s164-eth3-s174-eth2,2.670132693,0.023838125,0.047242063,127
s170-eth3-s180-eth2,2.683232254,0.023690343,0.046618854,93
s171-eth1-s170-eth1,2.692479153,-1,-1,0
s171-eth4-s181-eth3,2.663854899,0.023734693,0.055894526,263
s172-eth1-s171-eth2,2.652800033,0.024148391,0.050999762,119
s172-eth4-s182-eth3,2.624759495,0.024021734,0.062286788,346
s173-eth1-s172-eth2,2.6907167,0.025596726,0.038349362,39
s173-eth4-s183-eth3,2.680241021,0.023879602,0.052282138,210
s174-eth1-s173-eth2,2.708093757,0.023586626,0.03649333,33
s174-eth3-s184-eth2,2.678395165,0.023864052,0.046735443,155
s180-eth3-s190-eth2,2.694993506,0.023292874,0.049212729,185
s181-eth1-s180-eth1,2.691807129,-1,-1,0
s181-eth4-s191-eth3,2.738302076,0.023672209,0.075499187,316
s182-eth1-s181-eth2,2.698324142,0.023657278,0.042014037,106
s182-eth4-s192-eth3,2.703580879,0.024509988,0.070274793,307
s183-eth1-s182-eth2,2.718746322,0.023849321,0.040652136,89
s183-eth4-s193-eth3,2.672294707,0.023484741,0.05764109,259
s184-eth1-s183-eth2,2.728328294,0.023559985,0.038741658,66
s184-eth3-s194-eth2,2.675451122,0.023482304,0.046050112,158
s191-eth1-s190-eth1,2.624775315,0.023275208,0.042287286,75
s192-eth1-s191-eth2,2.684555456,0.023536307,0.042895114,121
s193-eth1-s192-eth2,2.735723375,0.023306663,0.047557401,148
s194-eth1-s193-eth2,2.686054298,0.023352029,0.05291178,163
s100-eth2-s110-eth2,2.726690724,0.023629457,0.039736199,127
s101-eth1-s100-eth1,2.737657653,0.023307333,0.050485724,162
s101-eth3-s111-eth3,2.690354094,0.028701378,0.049471303,151
s102-eth1-s101-eth2,2.645041449,0.028127333,0.050049697,164
s102-eth3-s112-eth3,2.694512589,0.023184924,0.045794694,154
s103-eth1-s102-eth2,2.675462069,0.023232391,0.038889261,91
s103-eth3-s113-eth3,2.724513976,0.02338393,0.05250293,153
s104-eth1-s103-eth2,2.652690101,0.023187941,0.037629457,69
s104-eth2-s114-eth2,2.699099101,0.023118044,0.052140316,175
s110-eth3-s120-eth2,2.696463433,0.023582113,0.044021858,132
s111-eth1-s110-eth1,2.711177525,0.024165998,0.042195109,102
s111-eth4-s121-eth3,2.720724066,0.023719872,0.062035416,243
s112-eth1-s111-eth2,2.723814845,0.024473042,0.039264916,64
s112-eth4-s122-eth3,2.700723028,0.023747743,0.065721633,284
s113-eth1-s112-eth2,2.653945172,0.023579477,0.035288383,33
s113-eth4-s123-eth3,2.702943446,0.023715878,0.05149974,234
s114-eth1-s113-eth2,2.721172711,0.023948198,0.027532741,42
s114-eth3-s124-eth2,2.693756333,0.023759856,0.051013277,157
s120-eth3-s130-eth2,2.632380384,0.023702623,0.042878672,128
s121-eth1-s120-eth1,2.689152848,0.030427986,0.042634763,40
s121-eth4-s131-eth3,2.727362393,0.023901003,0.064875371,299
s122-eth1-s121-eth2,2.692330217,0.023520772,0.043827898,97
s122-eth4-s132-eth3,2.730090557,0.02376079,0.05771594,297
s123-eth1-s122-eth2,2.696914859,0.023456235,0.034701217,30
s123-eth4-s133-eth3,2.741589469,0.023571784,0.055570771,232
s124-eth1-s123-eth2,2.70349142,-1,-1,0
s124-eth3-s134-eth2,2.64670384,0.023567703,0.050414184,161
s130-eth3-s140-eth2,2.705678106,0.023437486,0.047381835,105
s131-eth1-s130-eth1,2.646708101,0.024297444,0.037316534,32
s131-eth4-s141-eth3,2.691754966,0.029544115,0.065067317,251
s132-eth1-s131-eth2,2.648663583,0.02375819,0.041038567,100
s132-eth4-s142-eth3,2.694699524,0.023567582,0.058732339,295
s133-eth1-s132-eth2,2.655176573,0.023930136,0.027638504,41
s133-eth4-s143-eth3,2.698897906,0.023656116,0.051816873,199
s134-eth1-s133-eth2,2.653522055,0.023654914,0.038057098,69
s134-eth3-s144-eth2,2.500392802,0.023546351,0.052522148,201
s140-eth3-s150-eth2,2.657493763,0.023589229,0.046130938,159
s141-eth1-s140-eth1,2.718388717,0.02378444,0.035271862,28
s141-eth4-s151-eth3,2.660825252,0.024122865,0.055665286,274
s142-eth1-s141-eth2,2.722864145,0.023379449,0.039821311,68
s142-eth4-s152-eth3,2.670065244,0.023836427,0.057003054,242
s143-eth1-s142-eth2,2.686285046,0.02376668,0.049307903,123
s143-eth4-s153-eth3,2.687758049,0.024069565,0.05274948,199
s144-eth1-s143-eth2,2.693540422,0.023671431,0.038183604,65
s144-eth3-s154-eth2,2.690482668,0.023570448,0.052352298,197
s150-eth3-s160-eth2,2.710332577,0.023817056,0.048074872,145
s151-eth1-s150-eth1,2.694155407,0.02392144,0.035679745,39
s151-eth4-s161-eth3,2.736605903,0.024282439,0.057269741,262
s152-eth1-s151-eth2,2.698592061,0.023675036,0.036257256,77
s152-eth4-s162-eth3,2.725425042,0.023713284,0.060064513,314
s153-eth1-s152-eth2,2.703187557,0.024051508,0.036574262,28
s153-eth4-s163-eth3,2.741407974,0.023759828,0.052343625,182
s154-eth1-s153-eth2,2.708352983,0.023873932,0.035809787,30
s154-eth3-s164-eth2,2.703594836,0.023622664,0.052384448,196
s160-eth3-s170-eth2,2.720396423,0.028979705,0.04476722,79
s161-eth1-s160-eth1,2.669237739,0.028701188,0.043442638,64
s161-eth4-s171-eth3,2.713183533,0.023749182,0.058148536,320
s162-eth1-s161-eth2,2.705603078,0.02355766,0.039845779,90
s162-eth4-s172-eth3,2.691412502,0.024233234,0.05853824,273
s163-eth1-s162-eth2,2.667384182,0.023450843,0.035512231,34
s163-eth4-s173-eth3,2.711450362,0.02404553,0.059232705,279
s164-eth1-s163-eth2,2.703863379,0.025626524,0.039676877,37
s164-eth3-s174-eth2,2.712142473,0.0236693,0.044966197,147
s170-eth3-s180-eth2,2.695690577,0.023854417,0.047502747,125
s171-eth1-s170-eth1,2.718187725,-1,-1,0
s171-eth4-s181-eth3,2.664026244,0.023892369,0.055964054,233
s172-eth1-s171-eth2,2.720859998,0.023893979,0.04459815,114
s172-eth4-s182-eth3,2.686937679,0.023954131,0.063788504,289
s173-eth1-s172-eth2,2.724013025,0.025444735,0.037376933,36
s173-eth4-s183-eth3,2.721037878,0.023603098,0.058249897,266
s174-eth1-s173-eth2,2.700603468,0.023441992,0.035805968,31
s174-eth3-s184-eth2,2.673854933,0.023507359,0.043994978,138
s180-eth3-s190-eth2,2.641595178,0.023203158,0.050376875,203
s181-eth1-s180-eth1,2.70130255,-1,-1,0
s181-eth4-s191-eth3,2.715673806,0.023459259,0.056709706,287
s182-eth1-s181-eth2,2.686390389,0.023899241,0.045633279,99
s182-eth4-s192-eth3,2.731885546,0.023107591,0.058168148,274
s183-eth1-s182-eth2,2.73148317,0.023743252,0.04112891,99
s183-eth4-s193-eth3,2.733692145,0.023096736,0.059642411,251
s184-eth1-s183-eth2,2.717674582,0.024193871,0.040679742,60
s184-eth3-s194-eth2,2.707254614,0.025591151,0.040615768,163
s191-eth1-s190-eth1,2.691756666,0.023420874,0.037769044,88
s192-eth1-s191-eth2,2.726264973,0.023412946,0.044261648,114
s193-eth1-s192-eth2,2.688331732,0.023507705,0.048109158,139
s194-eth1-s193-eth2,2.637655682,0.023670944,0.049550587,160
